[app/ui]
version = 6.5.3
modtime = 1491650787.259300000

[app/launcher]
version = 6.5.3
modtime = 1491650787.260405000

[nav/default]
version = 6.5.3
modtime = 1491650864.012671000
